000000
000001
000011
000012
000013
000053
000054
000055
000058
000059
000060
000069
000070
000074
000075
000076
000077
000078
000079
000085
000086
000087
000091
000096
000097
000100
000104
000105
000106
000107
000118
000126
000127
000128
000129
000130
000131
000132
000135
000138
000139
000170
000171
000172
000173
000174
000175
000176
000177
000178
000179
000180
000181
000182
000183
000184
000185
000186
000187
000188
000189
000190
000191
000192
000193
000194
000195
000196
000197
000198
000199
000210
000211
000212
000213
000214
000215
000216
000217
000218
000219
000220
000221
000222
000223
000224
000225
000226
000227
000228
000229
000230
000231
000232
000233
000234
000235
000236
000237
000238
000239
000240
000241
000242
000243
000244
000245
000246
000247
000248
000249
000250
000251
000252
000253
000254
000255
000256
000257
000258
000259
000260
000273
000274
000275
000276
000277
000278
000279
000280
000281
000282
000283
000284
000285
000286
000287
000288
000289
000290
000291
000292
000293
000294
000295
000296
000297
000298
000299
000300
000301
000302
000303
000304
000305
000306
000307
000308
000309
000310
000311
000312
000319
000320
000321
000322
000323
000324
000325
000326
000327
000328
000329
000330
000331
000332
000333
000334
000335
000336
000337
000338
000339
000340
000341
000342
000343
000344
000345
000346
000347
000348
000349
000350
000351
000352
000353
000354
000355
000356
000357
000358
000359
000360
000361
000362
000363
000364
000365
000366
000367
000368
000369
000370
000371
000372
000373
000374
000375
000376
000377
000378
000379
000380
000381
000382
000383
000384
000385
000386
000387
000388
000389
000390
000391
000392
000393
000394
000395
000396
000397
000398
000399
000400
000401
000402
000403
000404
000405
000406
000407
000408
000409
000411
000414
000417
000418
000419
000420
000421
000422
000423
000424
000425
000426
000428
000429
000436
000459
000460
000461
000462
000463
000464
000465
000479
000480
000481
000482
000483
000484
000485
000486
000487
000488
000489
000490
000491
000492
000493
000494
000495
000496
000497
000498
000499
000500
000501
000504
000505
000506
000507
000508
000509
000510
000511
000512
000513
000514
000515
000523
000533
000534
000535
000536
000537
000538
000539
000540
000541
000542
000543
000544
000545
000546
000547
000548
000549
000550
000551
000552
000553
000554
000555
000556
000557
000558
000559
000560
000561
000562
000563
000564
000565
000566
000567
000568
000569
000570
000571
000572
000573
000574
000575
000576
000577
000578
000579
000580
000581
000582
000583
000584
000585
000586
000587
000588
000589
000590
000591
000592
000593
000594
000595
000596
000597
000598
000599
000600
000601
000602
000603
000604
000605
000606
000607
000608
000609
000610
000611
000612
000613
000614
000615
000616
000617
000618
000619
000620
000621
000622
000623
000624
000625
000626
000627
000628
000629
000630
000631
000632
000633
000634
000635
000636
000637
000638
000639
000640
000641
000643
000644
000646
000647
000648
000649
000650
000651
000654
000656
000658
000659
000660
000661
000662
000663
000664
000665
000666
000667
000668
000669
000670
000671
000672
000673
000674
000675
000676
000677
000678
000679
000682
000683
000685
000686
000687
000688
000689
000690
000691
000694
000695
000696
000697
000698
000699
000701
000702
000704
000707
000708
000709
000710
000711
000712
000713
000714
000719
000742
000743
000744
000745
000746
000747
000748
000749
000750
000751
000752
000753
000754
000755
000756
000757
000758
000759
000760
000761
000762
000763
000764
000765
000766
000767
000769
000770
000771
000772
000773
000774
000775
000776
000777
000778
000779
000780
000781
000782
000783
000784
000785
000786
000787
000788
000789
000790
000791
000792
000793
000794
000795
000796
000797
000798
000799
000800
000801
000802
000803
000804
000805
000806
000807
000808
000809
000811
000812
000813
000814
000815
000816
000817
000818
000819
000820
000821
000822
000823
000830
000845
000846
000847
000848
000849
000850
000851
000852
000853
000854
000855
000856
000857
000858
000859
000860
000861
000862
000863
000864
000865
000866
000867
000868
000869
000870
000871
000872
000873
000874
000875
000876
000877
000878
000879
000880
000881
000882
000883
000884
000885
000886
000887
000888
000889
000890
000891
000892
000893
000894
000895
000896
000897
000898
000899
000900
000901
000902
000903
000904
000905
000906
000907
000908
000909
000910
000911
000912
000913
000914
000915
000916
000917
000918
000919
000920
000921
000922
000923
000924
000925
000926
000927
000928
000929
000930
000931
000932
000933
000934
000935
000936
000937
000944
000945
000946
000947
000948
000949
000950
000951
000952
000953
000954
000955
000956
000957
000958
000983
000984
000988
000989
000990
000991
000992
000993
000994
001010
001011
001018
001019
001021
001022
001023
001024
001025
001039
001040
001042
001043
001044
001045
001046
001047
001048
001049
001050
001051
001052
001053
001054
001055
001056
001057
001058
001059
001060
001061
001062
001063
001081
001082
001088
001089
001092
001093
001099
001121
001122
001124
001125
001126
001127
001141
001145
001146
001150
001151
001154
001155
001156
001160
001161
001170
001171
001172
001175
001176
001177
001178
001179
001180
001181
001182
001183
001184
001185
001186
001187
001188
001189
001190
001191
001195
001196
001197
001201
001203
001206
001208
001209
001211
001213
001227
001228
001243
001251
001260
001261
001262
001263
001264
001308
001309
001313
001314
001315
001316
001317
001318
001319
001322
001323
001339
001340
001344
001345
001346
001347
001350
001351
001352
001359
001360
001369
001370
001371
001372
001373
001374
001375
001386
001387
001388
001389
001391
001393
001394
001395
001396
001397
001398
001435
001436
001438
001439
001440
001457
001458
001459
001460
001474
001475
001476
001477
001478
001479
001487
001488
001489
001490
001502
001503
001510
001511
001512
001518
001519
001521
001522
001528
001529
001542
001543
001544
001545
001546
001547
001548
001551
001552
001554
001556
001557
001559
001562
001563
001565
001566
001567
001568
001569
001570
001571
001572
001573
001574
001575
001576
001577
001578
001579
001580
001581
001582
001583
001584
001585
001586
001589
001590
001596
001597
001603
001604
001610
001611
001612
001613
001614
001615
001616
001620
001621
001622
001632
001633
001634
001636
001637
001638
001639
001640
001642
001648
001649
001650
001651
001654
001655
001656
001661
001664
001670
001672
001673
001674
001675
001676
001677
001678
001680
001681
001682
001683
001684
001685
001686
001687
001688
001689
001690
001691
001692
001693
001695
001697
001698
001700
001702
001704
001706
001708
001714
001718
001721
001722
001723
001724
001725
001726
001727
001728
001729
001730
001731
001732
001733
001734
001735
001736
001737
001738
001739
001740
001741
001742
001743
001744
001745
001746
001747
001748
001749
001750
001751
001752
001753
001754
001755
001756
001757
001758
001760
001764
001765
001766
001767
001768
001769
001770
001771
001772
001773
001774
001776
001777
001778
001779
001780
001782
001783
001784
001787
001788
001789
001790
001796
001797
001798
001799
001800
001802
001843
001862
001882
001883
001884
001885
001886
001901
001902
001903
001916
001917
001918
001919
001920
001921
001922
001923
001924
001925
001926
001927
001928
001929
001930
001931
001932
001933
001934
001935
001936
001937
001938
001939
001948
001949
001950
001951
001952
001953
001954
001955
001959
001960
001961
001962
001963
001979
001980
001991
002008
002009
002010
002011
002012
002013
002029
002039
002040
002041
002043
002044
002045
002046
002047
002048
002049
002050
002051
002052
002053
002054
002055
002056
002058
002059
002060
002061
002062
002069
002074
002075
002076
002077
002078
002120
002121
002122
002123
002128
002141
002158
002159
002244
002245
002254
002258
002296
002297
002321
002322
002326
002335
002336
002350
002351
002367
002368
002378
002379
002380
002386
002407
002425
002447
002481
002483
002526
002530
002534
002543
002544
002553
002558
002561
002562
002563
002565
002566
002567
002568
002569
002573
002605
002606
002607
002611
002612
002613
002614
002615
002689
002690
002691
002722
002723
002724
002725
002731
002732
002733
002734
002785
002787
002789
002791
002799
002800
002801
002802
002803
002804
002805
002806
002807
002808
002809
002810
002811
002812
002817
002818
002819
002820
002821
002822
002839
002855
002856
002857
002890
002891
002892
002893
002894
002895
002896
002897
002898
002899
002900
002901
002902
002903
002904
002905
002906
002907
002908
002909
002910
002911
002912
002913
002914
002915
002933
002934
002935
002936
002937
002938
002948
002949
002950
002952
002953
002954
002955
002956
002957
002958
002959
002960
002961
002962
002977
002978
002979
002980
002984
002985
002986
002987
002988
002994
002995
002996
002998
002999
003000
003001
003002
003003
003004
003005
003006
003007
003008
003009
003010
003011
003012
003013
003014
003015
003016
003017
003022
003023
003024
003025
003026
003027
003028
003029
003030
003031
003032
003033
003034
003035
003036
003056
003057
003059
003061
003062
003063
003064
003065
003066
003068
003070
003073
003074
003075
003076
003077
003078
003079
003080
003081
003082
003083
003084
003085
003086
003087
003088
003089
003090
003091
003092
003094
003097
003098
003099
003100
003105
003107
003115
003116
003117
003118
003125
003126
003127
003128
003129
003130
003131
003132
003133
003134
003135
003136
003137
003138
003139
003140
003141
003142
003143
003147
003149
003150
003151
003157
003158
003159
003160
003161
003162
003163
003164
003165
003166
003167
003168
003169
003170
003172
003174
003175
003176
003177
003179
003180
003185
003192
003193
003197
003198
003212
003213
003214
003215
003216
003217
003218
003219
003220
003221
003222
003225
003226
003227
003228
003229
003230
003234
003235
003239
003245
003246
003248
003249
003250
003251
003252
003253
003254
003255
003256
003257
003258
003259
003260
003261
003263
003264
003265
003266
003267
003268
003269
003277
003278
003279
003280
003281
003282
003283
003289
003290
003291
003292
003293
003301
003303
003304
003305
003306
003307
003309
003310
003319
003320
003321
003322
003323
003324
003325
003326
003331
003332
003333
003334
003335
003336
003342
003343
003345
003346
003347
003348
003349
003350
003351
003352
003353
003354
003355
003356
003357
003358
003359
003360
003361
003362
003363
003364
003365
003366
003367
003368
003369
003370
003371
003372
003373
003374
003375
003376
003377
003378
003379
003380
003381
003382
003386
003392
003398
003405
003409
003410